12 13

1 20 400 8000 160000 3200000 64000000 1280000000 25600000000 5.12E+11 1.024E+13 2.048E+14 5.68E-01
1 45 2025 91125 4100625 184528125 8303765625 3.73669E+11 1.68151E+13 7.56681E+14 3.40506E+16 1.53228E+18 5.27E-01
1 68 4624 314432 21381376 1453933568 98867482624 6.72299E+12 4.57163E+14 3.10871E+16 2.11392E+18 1.43747E+20 4.85E-01
1 101 10201 1030301 104060401 10510100501 1.06152E+12 1.07214E+14 1.08286E+16 1.09369E+18 1.10462E+20 1.11567E+22 4.30E-01
1 152 23104 3511808 533794816 81136812032 1.23328E+13 1.87458E+15 2.84937E+17 4.33104E+19 6.58318E+21 1.00064E+24 3.60E-01
1 228 51984 11852352 2702336256 6.16133E+11 1.40478E+14 3.2029E+16 7.30262E+18 1.665E+21 3.79619E+23 8.65532E+25 2.86E-01
1 342 116964 40001688 13680577296 4.67876E+12 1.60014E+15 5.47246E+17 1.87158E+20 6.40081E+22 2.18908E+25 7.48664E+27 2.17E-01
1 513 263169 135005697 69257922561 3.55293E+13 1.82265E+16 9.35021E+18 4.79666E+21 2.46069E+24 1.26233E+27 6.47576E+29 1.60E-01
1 769 591361 454756609 3.49708E+11 2.68925E+14 2.06804E+17 1.59032E+20 1.22296E+23 9.40453E+25 7.23208E+28 5.56147E+31 1.15E-01
1 1153 1329409 1532808577 1.76733E+12 2.03773E+15 2.3495E+18 2.70898E+21 3.12345E+24 3.60134E+27 4.15234E+30 4.78765E+33 8.10E-02
1 1730 2992900 5177717000 8.95745E+12 1.54964E+16 2.68088E+19 4.63791E+22 8.02359E+25 1.38808E+29 2.40138E+32 4.15439E+35 5.70E-02
1 2000 4000000 8000000000 1.6E+13 3.2E+16 6.4E+19 1.28E+23 2.56E+26 5.12E+29 1.024E+33 2.048E+36 5.00E-02
